wavelength,transparent
252.54524886877832,0.21298605971969664
267.81674208144796,0.23451661062426865
290.7239819004525,0.25424720114097
300.90497737556564,0.2768519325181842
313.631221719457,0.31041956483386457
331.447963800905,0.3428904030006379
351.8099547511312,0.351971747353673
367.0814479638009,0.3929744572378695
384.8981900452489,0.3819603768642992
400.16968325791856,0.4167353466618806
423.07692307692315,0.4045538364443928
445.9841628959277,0.4045538364443928
463.80090497737564,0.4045538364443928
489.2533936651584,0.4045538364443928
512.1606334841629,0.4045538364443928
540.158371040724,0.4045538364443928
568.1561085972852,0.4045538364443928
621.6063348416291,0.4045538364443928
662.3303167420813,0.3929744572378695
708.1447963800905,0.3819603768642992
769.2307692307692,0.3714767601341009
865.950226244344,0.3614908461458981
929.5814479638008,0.3714767601341009
955.0339366515838,0.351971747353673
1056.843891402715,0.3614908461458981
1105.2036199095023,0.351971747353673
1143.3823529411764,0.334219413343817
1176.4705882352941,0.31800740025937557
1191.7420814479638,0.31041956483386457
1270.6447963800904,0.31041956483386457
1283.3710407239819,0.2961740798782557
1316.4592760180994,0.2894779380876571
1357.183257918552,0.2651447227690369
1382.635746606335,0.24406493036076427
1397.9072398190044,0.20517071662470698
1418.269230769231,0.1626808347646147
1438.6312217194575,0.1494108398910612
1461.5384615384617,0.1421343619003892
1489.5361990950225,0.15194752672687173
1514.988687782805,0.17138471640646458
1545.5316742081452,0.18394939275458455
1573.529411764706,0.1872763792052865
1601.5271493212674,0.1977474435698241
1629.524886877828,0.1977474435698241
1667.7036199095025,0.20517071662470698
1693.156108597285,0.1977474435698241
1713.5180995475116,0.1872763792052865
1731.3348416289593,0.1872763792052865
1769.5135746606336,0.1684180716983974
1802.601809954751,0.17138471640646458
1833.1447963800906,0.1626808347646147
1866.2330316742082,0.14450529776513577
1881.5045248868773,0.11757205310277641
1894.2307692307693,0.08816527738235891
1909.5022624434393,0.06256756652146578
1924.7737556561087,0.048269402235746384
1940.0452488687783,0.04588469606824219
1955.316742081448,0.048269402235746384
1978.2239819004528,0.057189388666301966
2003.6764705882351,0.06827077339403331
2031.6742081447965,0.07523483340628445
2057.1266968325795,0.07800555392168462
2085.124434389141,0.07895296905189753
2123.3031674208137,0.08707044972106814
2156.391402714932,0.09276378946378827
2181.8438914027147,0.09520875895395875
2225.1131221719456,0.09397327876649797
2260.746606334841,0.08707044972106814
2283.653846153846,0.07707050791941583
2298.9253393665153,0.06743589392863214
2311.651583710407,0.06578676030039787
2329.468325791855,0.06743589392863214
2354.920814479638,0.06256756652146578
2375.2828054298643,0.057936655124649405
2395.6447963800897,0.05499400175176561
2410.91628959276,0.0535718584433198
2436.3687782805428,0.047052992042154074
2454.185520361991,0.040804208256304264
2469.457013574661,0.037254874827340245
2484.72850678733,0.03463064995594323
2500.0,0.03337033768184483
